language,x1,x2,x3,x4,x5,x6,x7,x8,x9,x10
jehh1245,-,m,u,-,N,-,-,m,e,h
hala1252,-,T,a,-,h,y,3,p,-,-
hala1252,7,m,u,k,7,-,-,m,u,-
reng1252,-,-,-,-,7,-,-,m,u,-
bahn1262,-,-,-,-,y,-,3,p,-,-
bahn1262,-,-,-,-,y,-,3,p,-,-
bahn1262,-,-,-,-,y,-,3,p,-,-
seda1262,-,m,3,-,7,-,-,m,o,-
alak1253,-,N,-,-,7,-,3,h,-,-
lave1248,-,h,-,-,7,-,3,t,-,-
lave1248,-,-,-,-,m,-,o,l,-,-
nyah1249,-,h,-,-,m,-,o,-,-,-
jeng1241,-,h,a,-,7,-,3,h,-,-
lave1249,-,h,3,-,7,-,3,h,-,-
chra1242,-,-,-,-,g,-,u,y,-,-
bulo1242,-,-,-,-,l,h,o,m,-,-
bulo1242,-,-,-,-,g,-,u,y,-,-
cent1992,-,m,3,-,l,-,a,p,-,-
cent1992,-,s,3,-,N,g,3,m,-,-
koho1244,-,m,-,-,b,-,u,r,-,-
koho1244,-,h,-,-,w,-,i,N,-,-
east2333,-,-,5,-,h,-,a,m,-,-
east2333,-,-,-,-,5,-,u,N,-,-
tamp1251,-,-,-,-,k,-,3,y,-,-
